DIMENSION
40
GRAPH
1 11 3
1 20 7
2 11 5
2 12 2
3 12 8
3 13 1
4 13 6
4 14 9
5 14 4
5 15 2
6 15 7
6 16 3
7 16 5
7 17 8
8 17 1
8 18 6
9 18 9
9 19 4
10 19 2
10 20 5
11 22 7
11 21 3
12 22 4
12 23 8
13 23 1
13 24 6
14 24 9
14 25 2
15 25 5
15 26 7
16 26 3
16 27 4
17 27 8
17 28 1
18 28 6
18 29 9
19 29 2
19 30 5
20 30 7
20 21 3
21 31 4
21 32 8
22 32 1
22 33 6
23 33 9
23 34 2
24 34 5
24 35 7
25 35 3
25 36 4
26 36 8
26 37 1
27 37 6
27 38 9
28 38 2
28 39 5
29 39 7
29 40 3
30 40 4
30 31 8
31 32 1
32 33 6
33 34 9
34 35 2
35 36 5
36 37 7
38 39 3
39 40 4
40 31 8